v2.0 raw
CF
CF
CF
CF
CF
CF
CF
CF
CF
CF
CF
CF
CF
CF
CB
CB
00
C9
CB
CB
00
00
00
00
00
CB
CB
CB
00
88
4A
00
00
00
00
18
5A
CB
CB
CB
CB
CB
CB
DB
9B
9B
1B
1B
5B
5B
CB
CB
CB
00
CB
CB
CB
CB
CB
CB
CB
CB
CB
CB
DA
CB
CB
CB
00
CB
00
00
00
00
00
00
00
00
00
00
00
00
00
00
00
00
00
00
00
00
00
00
00
00
00
00
00
00
00
00
00
00
00
00
00
00
00
00
00
00
00
00
00
00
00
00
00
00
00
00
00
00
00
00
00
00
00
00
00
00
00
00
00
00
00
00
00
00
00
00
00
00
00
00
00
00
00
00
00
00
00
00
00
00
00
00
00
00
00
00
00
00
00
00
00
00
00
00
00
00
00
00
00
00
00
00
00
00
00
00
00
00
00
00
00
00
00
00
00
00
00
00
00
00
00
00
00
00
00
00
00
00
00
00
00
00
00
